function [a, b] = gauss_c15
a = zeros(15, 1);
b = zeros(15, 1);
a(1) = -2.9716 + 8.6187i;
a(2) = -3.4811 + 0.9687i;
a(3) = -1.3982 - 0.8128i;
a(4) = 0.0773 - 0.3303i;
a(5) = 2.8798 + 1.6109i;
a(6) = 0.1259 - 0.0957i;
a(7) = -0.2641 - 0.6723i;
a(8) = 18.019 + 7.8291i;
a(9) = 0.0518 + 0.0182i;
a(10) = -16.9438 - 9.9384i;
a(11) = 0.3708 + 5.4522i;
a(12) = -6.6929 + 4.0722i;
a(13) = -9.3638 - 4.9998i;
a(14) = 1.5872 - 15.4212i;
a(15) = 19.0024 + 3.6850i;
b(1) = 4.1869 - 5.1560i;
b(2) = 3.8398 - 10.8004i;
b(3) = 3.4355 - 16.3582i;
b(4) = 2.4618 - 27.7134i;
b(5) = 5.4699 + 28.6319i;
b(6) = 1.9833 - 33.2885i;
b(7) = 2.9335 - 22.0151i;
b(8) = 6.3036 + 36.7772i;
b(9) = 1.3046 - 38.4650i;
b(10) = 6.5889 + 37.0680i;
b(11) = 5.5518 + 22.4255i;
b(12) = 5.4013 + 16.7326i;
b(13) = 5.1498 + 11.1249i;
b(14) = 4.9665 + 5.6855i;
b(15) = 4.6296 + 0.3055i;

% Reference
% Huang, Dehua, e M. A. Breazeale. “A Gaussian finite-element method for description of sound diffraction”. The Journal of the Acoustical Society of America 106, nº 4 (30 de agosto de 1999): 1771–81. https://doi.org/10.1121/1.427926.
% Jr, Lester W. Schmerr. Fundamentals of Ultrasonic Phased Arrays. Solid Mechanics and Its Applications. Springer International Publishing, 2015. //www.springer.com/us/book/9783319072715.
